@36 (time point 36): (863663842,656705914,288571325,376280558) (341507586,319383821,659015271,341206632) (185247996,619137503,45116488,374248494) (957100364,491185119,532349293,469022145) (307680890,478857700,874228936,446227352) (627729060,95961939,836853173,133472612) (507718692,414105557,278251660,575958456) (50586984,138120122,517487567,640256494) (403816362,402932382,85577601,831130961) (62561837,189756370,68052364,728303723) (542228053,145687124,859353080,43025808)
@20 (time point 20): (38708396,692885802,892825597,457368633) (802274269,149279793,431356989,796301938) (967429277,805764934,145720298,644285157) (965565701,65276449,191616344,23142225) (80406343,21989595,48762203,991920237) (345860137,839572499,366176285,779883012) (299076752,999972094,807008015,395105613)
@31 (time point 31): (686654493,235306375,942154479,729227507) (201936489,296411053,340648408,62588094) (958776805,22925829,698542723,310777971) (183873387,357511740,278660468,907028929) (883340896,492259546,798022472,71660327)
@7 (time point 7): (426802691,987643556,585359143,185144018) (638787756,301108116,744511918,576223508) (986164343,356431562,700315338,74130789) (815200747,129906382,884451615,716729593)
@9 (time point 9): (284054589,590942833,50294993,160181887) (278172375,139030776,38336913,254080897) (12642573,36998916,352786067,709169277) (293553928,782391813,325216023,450764707) (984677628,196419953,269022334,705282139)
@37 (time point 37): (462426566,353201256,292918976,534349131) (101706284,85292907,178437124,235780431) (320004088,945437863,685096200,425980429) (646300309,826667819,318207200,5079272) (791259673,548596267,407679529,647798764) (704315439,189888977,544294157,774826318)
@38 (time point 38): (467262490,654172411,787000762,622212797) (637049748,686671649,900310580,595409948) (385918061,7773910,951387432,547012048) (708579948,795565030,468917155,145088071)
@35 (time point 35): (9042887,486228565,921259942,978526538) (124979052,767529835,873211398,453247881) (850615019,331595226,869760146,561373773) (870969581,862914126,82830185,2345584) (571338587,986867923,808324047,112542146)
@39 (time point 39): (779849296,972894853,984758873,969067858) (816757915,410361621,234749236,852628695) (190615694,573276268,840062602,335384629) (784783169,681440901,88478406,918610397) (254366961,922274861,299001969,236230384) (685787800,417117884,715454372,198877768) (445877676,968584605,171668992,390921928) (941980322,415246179,835350864,583761995) (407488024,694223332,620398186,442719542)
@40 (time point 40): (351012237,343785087,587369507,965858095) (283877760,648562385,74684594,248642233) (339077054,461102958,657748921,607076659) (454886968,289439393,272058004,441168454) (797799628,616679896,188646555,211474945)
@46 (time point 46): (452723673,859026348,354534578,823638077) (649714094,855247321,12396999,576479131) (673328444,620157182,197673279,820327492)
@48 (time point 48): (341843256,155215996,706838161,581214421) (765479058,917620125,682851077,506392831)
@1 (time point 1): (429161962,202410300,517705227,239332724) (683444930,227424688,68295335,342656870) (878187529,203313281,243954286,319972026)
@22 (time point 22): (373028945,294948685,903486215,425316474) (481779855,36158484,595234815,571077068) (474854277,328634188,796247159,4107270) (791029499,869794642,409294713,80503131) (608301383,670754578,669021237,63926644) (63157008,836195247,497674298,275011287) (250975187,93806623,915897456,690146135) (993351966,57165390,108898506,329420491) (899860776,630825517,583690721,145948576) (665508102,343708727,871546856,573639305) (908617969,162419952,549756445,225244200)
@8 (time point 8): (254191666,390913904,651776543,406544420) (543163858,59453954,178307468,242176204) (722773405,450355120,4014880,89824088) (587425113,492469039,218946612,390672294)
@28 (time point 28): (176371958,425901160,999759903,667997713) (445858006,772085380,405680096,10375308) (321254975,312767633,381968708,25371503) (782344264,841791173,752492034,808978379) (451624955,978435975,175503961,149306950)
@42 (time point 42): (559691136,636240124,818572984,606931101) (384008704,696045853,177483605,714118759) (679484732,345337756,156787404,402345969) (405449469,991449335,263074165,460414379) (482514880,410054783,389549429,289463140)
@3 (time point 3): (196882534,970203135,212207137,16451892) (780974879,479769451,914160676,323460479) (418395742,183589125,282281756,197487146)
@21 (time point 21): (966819505,763783873,146528745,472036125) (365776370,95378531,11975026,709262529) (350072162,889360120,88385950,829943424) (98447904,147894336,194421003,551524981) (430367597,920824236,210979334,276558450) (259271331,972895315,759663325,789073104) (370890401,268137125,158396246,945482873) (748752987,280403519,299358389,694068489) (757080101,635301610,2498061,786407389)
@2 (time point 2): (10909073,386527365,848258456,80493717) (777710447,102035024,285976648,998985156)
@41 (time point 41): (147099403,596251084,389956382,898493360) (927807694,308979623,592232963,853703362)
@30 (time point 30): (223934720,210154745,896571966,510982044) (730148332,826942264,267411411,949179358) (66850608,798514260,891503341,183780249) (747170984,659881208,568793784,569885909) (426480301,886839083,783053411,264619541) (454351562,986434542,275355364,935927074) (130481244,699181202,122650380,145941530)
@19 (time point 19): (310494715,312215022,644164425,378959685) (615339737,767542636,454946314,856853652) (789945653,485375639,761152956,871745410) (354458696,345192202,490299354,624502129)
@5 (time point 5): (803780370,317517532,678156368,507431119) (175696530,532740268,169634852,765811245) (907922134,136638686,403276792,890550164)
@43 (time point 43): (994738058,596993224,387896175,330895698) (620846350,820915503,54435610,805127683) (551962731,277869408,505002115,809319800) (983767203,824585791,110286660,85531624) (354937911,264289444,827171895,730313995)
@47 (time point 47): (495664622,344141779,811439866,894877740)
@17 (time point 17): (767700088,439074605,20728770,326260580) (260294156,662623883,747724289,597167101) (519959842,532860737,315045332,280540171)
@15 (time point 15): (880268879,700111143,208436316,413118303) (258653106,705918120,750338226,369597371) (380582663,114125709,174844101,81391527)
@11 (time point 11): (979215641,46953338,640981817,264717127) (643460446,2709673,927569518,907823592) (98763144,671101246,299350228,491197972) (501078480,891930474,899945616,759680778) (606102482,517399204,611436133,266029500)
@25 (time point 25): (190851744,751726507,27319219,243485303) (438172572,981584058,601323683,598459993) (142570179,696315325,189524770,265715457) (390651495,842413791,522869769,29848010) (91469080,962370084,941140673,355342247) (71158584,853502621,166453345,281123063) (1842629,351616970,230166446,146550892) (665519004,621421494,964868002,140481696) (642800063,206775340,517811647,872929237)
@44 (time point 44): (469506637,438088958,77710358,539372632) (566430597,672610580,430147987,577029190) (804897116,589625071,575138138,359407655) (377531015,558022880,676980553,894993705)
@33 (time point 33): (355285995,2955521,296185228,946277856) (126652727,617412247,994899123,656819356) (126028310,214637876,525988168,837045764) (211891023,935354472,42139656,232141954) (392588880,5325836,919708712,105449293) (183723418,774357732,334185802,885801563)
@16 (time point 16): (520820686,705732853,480191347,557967529) (818366503,232612593,463530363,720768836) (591246793,808059382,630486790,880826275) (580279150,607454333,41972527,281429567) (914767229,762386222,82040394,561565146) (775746378,290379253,9067772,149253451)
@34 (time point 34): (30859103,28107462,326202792,441105642) (594121674,873778998,864535632,748188144) (892365891,582520173,961177,18772146) (482047589,979327706,286633444,723343575) (399932811,459239217,494640309,916173206) (759936547,951753586,207752565,113366814) (964659304,81196582,788664822,793781282) (373754629,437908993,206436469,214372802) (106243895,696570717,349477967,384514632)
@12 (time point 12): (990925010,17282541,941454797,782352758) (710134504,283835846,458462879,298981022) (38165193,677385461,635098808,154582618) (400071648,711771023,113081178,396601695) (215164961,189875297,479623121,25846810) (21876499,410487835,81568036,729612850) (343607082,391409411,740771486,213221784)
@27 (time point 27): (810186863,42715833,668103348,264573088) (941469073,473741471,323466756,376718401) (173914440,653047168,5623630,879199746) (311376830,284925066,25923532,745491388) (692355788,769021289,871226228,978404417) (417108982,890321868,419798063,847272453) (185662544,498062098,381452495,655491485) (817492591,223190524,656521499,245268049)
@4 (time point 4): (543683985,179478885,193656790,185705423) (58822783,356933907,414633906,365981253)
@0 (time point 0): (287958976,357398112,800181284,652275718) (689670871,797539098,481385687,499919615)
@14 (time point 14): (665521459,79629096,779298126,261716691) (662152806,658167783,824325920,616063370) (628121426,239512217,856230154,464005053) (662765107,222737346,157629779,514537045) (343338473,974446437,871155742,368030335) (290383071,619965540,508637414,378704171) (275444697,355119365,70544959,857722656)
@26 (time point 26): (495388276,9679735,824627292,907430896) (83902551,929545068,268902806,21751826) (538387895,336904194,870157575,181968909) (122928407,636440239,802072522,598852675) (204839005,471113691,139620477,284901317) (347749608,937484609,770267978,91758794) (917912657,912462219,668135248,902817240)
@29 (time point 29): (846761123,276634118,821848022,107054758) (947563045,820408582,73322822,946374126) (298715871,124886898,239151003,403776478) (606977840,812323753,544414032,30864509) (278287673,405937243,304195478,213996814) (643807028,590730740,903205881,104451113)
@23 (time point 23): (356368031,560228713,889877905,646120149) (820476815,191908691,913853996,870214023) (653070656,335867285,187878192,893677763) (112438982,455306921,688156960,959089640) (289116197,223642161,359052675,829356033) (973916309,786159009,371161526,709331191)
@24 (time point 24): (73012168,585954020,350579271,528533441) (376144056,68615774,876269209,235505124) (715872455,412966839,588878914,485792562) (177017443,598025914,491115899,177454202) (630416164,521892914,50206627,648572918) (953270807,456751623,46425367,123227841)
@6 (time point 6): (194229306,618155682,392326217,581950900) (80314981,801870558,763918781,394972144) (338033406,374647921,348246721,806471114) (340662606,975601585,493198563,157614395) (23656257,793547637,811060208,31811811) (807401143,280568385,867110109,95881389) (228884021,777091360,187443718,517368619)
@32 (time point 32): (146663080,304564336,579139519,337942897) (786383890,915754289,923307257,464441689) (817811516,914432382,716454294,988365772) (586166039,37585919,752122840,692184589) (63775901,71364690,93990791,888232840) (292275318,346339346,781596535,323884260) (467264678,938254173,448222459,350985784) (340014079,533362003,512173518,230622187)
@18 (time point 18): (711293879,456112632,165359465,237361628) (914576629,27536445,19740049,205982074) (113984336,668401126,304386452,977509948) (243425904,839017227,927814257,267289967)
@13 (time point 13): (439707870,284891651,814596879,481729941) (706980503,115626874,698860555,587361365) (897820637,457015275,670347518,233687019) (223285591,78252271,969680476,42348428)
@10 (time point 10): (932759894,407610316,81258728,12613537) (786560872,540519530,181746225,344112827) (574330307,748760918,136695832,307162556) (73491469,622059078,606020261,490351832) (451940503,712360471,123069719,111980551) (104511431,633413730,484355391,245550749) (111452111,123381050,330941863,421618078) (268556255,715776567,740144005,710486124) (298438585,24063334,244413632,669642885)
